# Synthetic XRD diffractogram — FePt/SiO2 on Si(011)
# Cu Ka radiation, synthetic data for demo purposes
20.0000  4826.49
20.0200  4775.30
20.0400  4830.27
20.0600  4897.29
20.0800  4656.40
20.1000  5003.91
20.1200  4793.03
20.1400  4782.49
20.1600  4740.73
20.1800  4941.86
20.2000  4919.40
20.2200  4979.54
20.2400  4947.57
20.2600  4887.69
20.2800  4897.33
20.3000  4961.07
20.3200  4782.81
20.3400  4868.98
20.3600  4914.72
20.3800  4834.22
20.4000  4954.53
20.4200  4850.02
20.4400  4955.35
20.4600  4904.93
20.4800  4939.89
20.5000  4744.60
20.5200  4813.03
20.5400  5036.18
20.5600  4922.17
20.5800  4898.82
20.6000  5005.89
20.6200  4987.14
20.6400  4909.86
20.6600  4852.69
20.6800  5115.52
20.7000  4990.89
20.7200  4766.97
20.7400  5010.44
20.7600  5005.63
20.7800  5012.43
20.8000  4892.86
20.8200  5082.57
20.8400  4862.78
20.8600  5060.81
20.8800  4971.03
20.9000  5113.55
20.9200  4906.96
20.9400  5017.43
20.9600  5034.21
20.9800  4919.25
21.0000  4954.61
21.0200  4913.86
21.0400  5004.93
21.0600  5027.72
21.0800  4931.42
21.1000  4996.86
21.1200  4905.73
21.1400  4913.42
21.1600  4774.85
21.1800  4851.24
21.2000  4902.76
21.2200  4982.43
21.2400  5125.08
21.2600  5001.34
21.2800  4984.93
21.3000  5011.91
21.3200  4838.25
21.3400  4984.49
21.3600  4894.05
21.3800  4924.66
21.4000  5186.80
21.4200  5169.01
21.4400  5083.05
21.4600  5040.66
21.4800  5037.71
21.5000  4891.79
21.5200  4863.67
21.5400  5023.57
21.5600  4946.22
21.5800  4914.07
21.6000  4984.48
21.6200  4985.99
21.6400  5012.85
21.6600  4920.63
21.6800  4996.93
21.7000  4871.85
21.7200  5119.01
21.7400  5148.75
21.7600  4886.86
21.7800  5040.46
21.8000  4976.03
21.8200  5009.85
21.8400  5005.09
21.8600  5118.39
21.8800  5054.65
21.9000  4912.68
21.9200  5007.72
21.9400  4998.07
21.9600  4920.10
21.9800  5020.42
22.0000  4997.72
22.0200  5135.91
22.0400  4981.14
22.0600  5043.93
22.0800  4774.91
22.1000  4831.77
22.1200  5032.05
22.1400  5011.99
22.1600  5089.68
22.1800  4883.26
22.2000  4969.64
22.2200  4748.49
22.2400  4913.64
22.2600  4953.50
22.2800  4986.64
22.3000  4940.31
22.3200  5090.61
22.3400  4849.80
22.3600  4865.62
22.3800  5039.27
22.4000  4954.60
22.4200  5125.40
22.4400  5059.85
22.4600  5023.36
22.4800  4817.81
22.5000  4926.54
22.5200  5014.15
22.5400  4921.98
22.5600  5013.55
22.5800  5014.20
22.6000  4900.05
22.6200  4870.66
22.6400  5077.61
22.6600  4984.49
22.6800  4983.91
22.7000  5073.27
22.7200  5149.15
22.7400  4693.57
22.7600  5118.65
22.7800  5071.75
22.8000  4941.23
22.8200  5087.92
22.8400  4961.28
22.8600  5129.94
22.8800  5086.29
22.9000  5018.17
22.9200  4922.87
22.9400  5007.26
22.9600  4931.40
22.9800  4978.20
23.0000  5106.68
23.0200  5128.36
23.0400  5139.43
23.0600  5447.49
23.0800  5312.33
23.1000  5453.85
23.1200  5543.47
23.1400  5402.35
23.1600  5944.31
23.1800  5663.74
23.2000  5807.09
23.2200  5501.89
23.2400  5657.09
23.2600  5444.33
23.2800  5475.35
23.3000  5561.31
23.3200  5419.38
23.3400  5313.79
23.3600  5221.04
23.3800  4926.08
23.4000  4930.78
23.4200  5054.64
23.4400  5102.15
23.4600  4986.84
23.4800  4980.51
23.5000  4965.53
23.5200  4971.93
23.5400  4943.65
23.5600  4780.06
23.5800  4983.82
23.6000  4792.84
23.6200  4732.88
23.6400  4889.56
23.6600  4740.24
23.6800  4762.44
23.7000  4877.73
23.7200  4782.24
23.7400  4772.42
23.7600  4903.85
23.7800  4966.14
23.8000  4925.01
23.8200  4938.51
23.8400  4697.11
23.8600  4907.54
23.8800  4837.51
23.9000  4763.78
23.9200  4801.91
23.9400  4790.41
23.9600  4720.32
23.9800  4626.76
24.0000  4855.28
24.0200  4840.29
24.0400  4944.10
24.0600  4921.48
24.0800  4822.40
24.1000  4885.34
24.1200  4950.43
24.1400  4723.35
24.1600  4762.84
24.1800  4812.28
24.2000  4645.67
24.2200  4669.24
24.2400  4839.91
24.2600  4726.80
24.2800  4811.28
24.3000  4750.54
24.3200  4881.43
24.3400  4781.46
24.3600  4763.28
24.3800  4718.20
24.4000  4639.36
24.4200  4582.89
24.4400  5000.25
24.4600  4760.84
24.4800  4828.11
24.5000  4632.46
24.5200  4763.63
24.5400  4750.51
24.5600  4621.59
24.5800  4905.46
24.6000  4848.52
24.6200  4678.83
24.6400  4802.21
24.6600  4804.64
24.6800  4740.64
24.7000  4731.14
24.7200  4687.08
24.7400  4669.03
24.7600  4519.92
24.7800  4616.25
24.8000  4700.71
24.8200  4624.73
24.8400  4755.36
24.8600  4650.14
24.8800  4551.85
24.9000  4505.71
24.9200  4533.30
24.9400  4617.52
24.9600  4594.84
24.9800  4339.37
25.0000  4660.70
25.0200  4760.83
25.0400  4527.23
25.0600  4638.19
25.0800  4509.53
25.1000  4711.93
25.1200  4496.93
25.1400  4553.78
25.1600  4710.55
25.1800  4655.16
25.2000  4524.90
25.2200  4674.94
25.2400  4610.19
25.2600  4647.45
25.2800  4689.45
25.3000  4693.96
25.3200  4436.56
25.3400  4436.84
25.3600  4567.79
25.3800  4479.64
25.4000  4189.36
25.4200  4596.52
25.4400  4367.08
25.4600  4458.64
25.4800  4414.49
25.5000  4442.42
25.5200  4534.45
25.5400  4285.57
25.5600  4429.59
25.5800  4301.93
25.6000  4416.58
25.6200  4470.94
25.6400  4535.97
25.6600  4409.22
25.6800  4676.02
25.7000  4515.39
25.7200  4540.26
25.7400  4484.95
25.7600  4379.61
25.7800  4352.04
25.8000  4302.67
25.8200  4391.54
25.8400  4078.31
25.8600  4328.26
25.8800  4367.97
25.9000  4225.77
25.9200  4252.37
25.9400  4394.28
25.9600  4408.64
25.9800  4373.34
26.0000  4108.97
26.0200  4516.30
26.0400  4301.34
26.0600  4620.00
26.0800  4308.52
26.1000  4360.84
26.1200  4256.22
26.1400  4358.67
26.1600  4460.97
26.1800  4332.02
26.2000  4378.57
26.2200  4338.18
26.2400  4099.44
26.2600  4322.83
26.2800  4184.62
26.3000  4296.92
26.3200  4142.70
26.3400  4369.53
26.3600  4174.11
26.3800  4433.03
26.4000  4181.84
26.4200  4298.04
26.4400  4073.92
26.4600  4217.37
26.4800  4118.50
26.5000  4245.81
26.5200  4327.03
26.5400  4286.82
26.5600  4106.89
26.5800  4043.00
26.6000  4119.40
26.6200  4043.66
26.6400  4246.92
26.6600  4171.29
26.6800  4189.41
26.7000  3979.58
26.7200  4020.46
26.7400  4015.02
26.7600  4137.80
26.7800  4134.98
26.8000  3871.65
26.8200  4213.29
26.8400  4274.86
26.8600  3893.43
26.8800  3978.91
26.9000  4136.66
26.9200  3977.99
26.9400  4011.74
26.9600  4021.56
26.9800  3853.58
27.0000  3972.57
27.0200  3899.35
27.0400  3978.90
27.0600  4010.89
27.0800  4030.62
27.1000  4005.79
27.1200  3916.93
27.1400  4005.46
27.1600  4181.29
27.1800  3885.29
27.2000  3650.24
27.2200  3849.81
27.2400  3829.48
27.2600  3768.02
27.2800  3881.51
27.3000  3845.78
27.3200  3918.91
27.3400  3968.49
27.3600  4157.02
27.3800  3971.91
27.4000  3893.39
27.4200  3692.88
27.4400  3734.42
27.4600  3760.52
27.4800  3840.62
27.5000  3668.73
27.5200  3880.06
27.5400  3990.50
27.5600  3900.25
27.5800  3977.20
27.6000  3809.77
27.6200  3882.03
27.6400  3832.55
27.6600  3886.31
27.6800  3904.57
27.7000  3685.05
27.7200  3651.51
27.7400  3685.96
27.7600  3889.21
27.7800  3831.60
27.8000  3875.14
27.8200  3678.20
27.8400  3769.65
27.8600  3803.87
27.8800  3556.69
27.9000  3700.31
27.9200  3767.83
27.9400  3752.46
27.9600  3646.24
27.9800  3696.61
28.0000  3782.52
28.0200  3760.57
28.0400  3780.42
28.0600  3748.88
28.0800  3706.43
28.1000  3785.07
28.1200  3744.33
28.1400  3636.84
28.1600  3917.31
28.1800  3859.06
28.2000  4035.40
28.2200  4299.00
28.2400  4673.08
28.2600  4864.29
28.2800  5423.09
28.3000  5614.79
28.3200  5875.90
28.3400  5959.14
28.3600  6469.45
28.3800  6590.40
28.4000  6631.65
28.4200  6538.70
28.4400  6333.43
28.4600  6168.92
28.4800  5724.76
28.5000  5355.73
28.5200  5235.07
28.5400  4735.31
28.5600  4442.05
28.5800  4274.05
28.6000  4203.37
28.6200  4052.64
28.6400  3825.61
28.6600  3467.86
28.6800  3719.18
28.7000  3713.70
28.7200  3525.74
28.7400  3568.55
28.7600  3376.36
28.7800  3400.42
28.8000  3449.63
28.8200  3449.58
28.8400  3438.55
28.8600  3476.82
28.8800  3416.85
28.9000  3564.58
28.9200  3256.58
28.9400  3549.13
28.9600  3516.13
28.9800  3403.37
29.0000  3369.60
29.0200  3459.96
29.0400  3335.53
29.0600  3439.52
29.0800  3393.77
29.1000  3280.06
29.1200  3510.36
29.1400  3435.68
29.1600  3377.39
29.1800  3520.54
29.2000  3480.39
29.2200  3311.49
29.2400  3339.61
29.2600  3339.60
29.2800  3369.66
29.3000  3395.53
29.3200  3339.70
29.3400  3310.51
29.3600  3153.92
29.3800  3252.65
29.4000  3236.32
29.4200  3255.32
29.4400  3193.42
29.4600  3220.42
29.4800  3142.70
29.5000  3249.66
29.5200  3121.34
29.5400  3396.83
29.5600  3191.68
29.5800  3365.04
29.6000  3206.91
29.6200  3222.06
29.6400  3354.63
29.6600  3183.47
29.6800  3378.47
29.7000  3116.50
29.7200  3232.70
29.7400  3241.74
29.7600  3184.44
29.7800  3110.87
29.8000  3305.74
29.8200  3119.22
29.8400  3157.90
29.8600  3001.50
29.8800  3133.87
29.9000  2964.04
29.9200  3246.97
29.9400  3179.70
29.9600  3259.34
29.9800  3105.07
30.0000  3213.89
30.0200  3247.44
30.0400  2997.05
30.0600  3033.21
30.0800  3001.38
30.1000  3159.44
30.1200  3180.17
30.1400  3123.62
30.1600  2956.12
30.1800  3048.28
30.2000  3027.28
30.2200  2929.65
30.2400  3154.80
30.2600  3242.61
30.2800  3200.43
30.3000  2963.24
30.3200  3140.26
30.3400  2825.29
30.3600  2885.39
30.3800  3056.97
30.4000  2917.30
30.4200  2960.75
30.4400  3159.00
30.4600  2961.81
30.4800  3038.47
30.5000  2953.90
30.5200  3029.96
30.5400  3051.97
30.5600  2933.23
30.5800  2866.99
30.6000  3007.82
30.6200  2822.02
30.6400  3036.70
30.6600  2960.33
30.6800  2995.01
30.7000  2763.52
30.7200  3063.54
30.7400  2865.57
30.7600  2863.44
30.7800  2721.42
30.8000  2851.31
30.8200  2788.06
30.8400  2985.13
30.8600  2846.99
30.8800  2806.07
30.9000  2987.97
30.9200  2721.47
30.9400  2740.91
30.9600  2785.23
30.9800  2961.06
31.0000  2772.35
31.0200  2833.82
31.0400  2771.52
31.0600  2714.92
31.0800  2795.83
31.1000  2839.63
31.1200  2678.06
31.1400  2809.34
31.1600  2570.36
31.1800  2700.11
31.2000  2880.76
31.2200  2767.16
31.2400  2849.00
31.2600  2892.11
31.2800  2842.81
31.3000  2807.10
31.3200  2838.20
31.3400  2777.06
31.3600  2725.46
31.3800  2828.55
31.4000  2794.80
31.4200  2765.70
31.4400  2896.83
31.4600  2774.45
31.4800  2971.46
31.5000  2603.38
31.5200  2829.51
31.5400  2730.04
31.5600  2818.43
31.5800  2677.91
31.6000  2853.25
31.6200  2833.35
31.6400  2757.25
31.6600  2638.39
31.6800  2699.48
31.7000  2621.52
31.7200  2692.52
31.7400  2528.29
31.7600  2564.22
31.7800  2535.86
31.8000  2764.82
31.8200  2690.68
31.8400  2514.32
31.8600  2633.34
31.8800  2783.09
31.9000  2633.82
31.9200  2522.25
31.9400  2576.00
31.9600  2655.86
31.9800  2748.40
32.0000  2556.03
32.0200  2424.58
32.0400  2654.84
32.0600  2590.87
32.0800  2453.49
32.1000  2460.76
32.1200  2556.56
32.1400  2443.31
32.1600  2468.79
32.1800  2638.11
32.2000  2679.50
32.2200  2629.03
32.2400  2495.87
32.2600  2612.78
32.2800  2441.63
32.3000  2637.87
32.3200  2521.95
32.3400  2787.74
32.3600  2641.38
32.3800  2631.70
32.4000  2589.53
32.4200  2695.70
32.4400  2492.55
32.4600  2497.15
32.4800  2452.90
32.5000  2589.41
32.5200  2457.16
32.5400  2540.37
32.5600  2565.42
32.5800  2662.63
32.6000  2315.94
32.6200  2390.28
32.6400  2616.28
32.6600  2711.97
32.6800  2538.05
32.7000  2507.96
32.7200  2468.62
32.7400  2594.10
32.7600  2489.99
32.7800  2391.28
32.8000  2596.26
32.8200  2385.10
32.8400  2502.75
32.8600  2469.07
32.8800  2366.60
32.9000  2472.06
32.9200  2420.35
32.9400  2548.75
32.9600  2579.57
32.9800  2509.42
33.0000  2533.83
33.0200  2494.27
33.0400  2257.21
33.0600  2359.09
33.0800  2444.26
33.1000  2414.43
33.1200  2507.52
33.1400  2365.79
33.1600  2559.20
33.1800  2364.77
33.2000  2277.17
33.2200  2455.46
33.2400  2359.01
33.2600  2389.51
33.2800  2564.26
33.3000  2447.90
33.3200  2446.97
33.3400  2450.61
33.3600  2262.36
33.3800  2335.95
33.4000  2328.01
33.4200  2474.30
33.4400  2371.33
33.4600  2418.34
33.4800  2394.28
33.5000  2318.00
33.5200  2522.13
33.5400  2529.94
33.5600  2492.22
33.5800  2520.47
33.6000  2308.22
33.6200  2426.00
33.6400  2476.77
33.6600  2496.82
33.6800  2213.94
33.7000  2250.46
33.7200  2452.15
33.7400  2260.09
33.7600  2255.54
33.7800  2281.16
33.8000  2444.82
33.8200  2380.51
33.8400  2291.77
33.8600  2325.22
33.8800  2433.00
33.9000  2232.65
33.9200  2283.91
33.9400  2129.55
33.9600  2385.14
33.9800  2355.75
34.0000  2119.39
34.0200  2281.92
34.0400  2043.81
34.0600  2249.16
34.0800  2348.43
34.1000  2124.13
34.1200  2146.08
34.1400  2335.16
34.1600  2196.09
34.1800  2256.27
34.2000  2348.62
34.2200  2448.79
34.2400  2227.30
34.2600  2350.85
34.2800  2493.85
34.3000  2316.35
34.3200  2274.02
34.3400  2187.10
34.3600  2365.89
34.3800  2253.00
34.4000  2370.52
34.4200  2427.13
34.4400  2215.52
34.4600  2277.91
34.4800  2283.17
34.5000  2317.68
34.5200  2275.75
34.5400  2128.24
34.5600  2241.78
34.5800  2257.18
34.6000  2250.59
34.6200  2154.76
34.6400  2163.04
34.6600  2308.51
34.6800  2020.26
34.7000  2293.16
34.7200  2217.29
34.7400  2231.49
34.7600  2082.26
34.7800  2209.38
34.8000  2184.59
34.8200  2359.85
34.8400  2434.06
34.8600  2229.34
34.8800  2452.49
34.9000  2306.18
34.9200  2219.22
34.9400  2307.59
34.9600  2230.56
34.9800  2293.24
35.0000  2346.72
35.0200  2154.79
35.0400  2169.76
35.0600  2329.33
35.0800  2133.90
35.1000  2066.99
35.1200  2138.37
35.1400  2203.03
35.1600  2234.84
35.1800  2274.09
35.2000  2282.96
35.2200  2214.68
35.2400  2311.05
35.2600  1995.92
35.2800  2191.91
35.3000  2099.35
35.3200  2163.54
35.3400  2303.84
35.3600  2094.94
35.3800  2258.37
35.4000  2103.07
35.4200  2213.93
35.4400  2072.86
35.4600  2226.21
35.4800  2363.23
35.5000  2231.14
35.5200  2101.64
35.5400  2154.83
35.5600  2200.23
35.5800  2203.88
35.6000  2191.33
35.6200  2082.60
35.6400  2250.03
35.6600  2005.90
35.6800  2129.76
35.7000  2173.50
35.7200  2229.67
35.7400  2071.24
35.7600  2213.45
35.7800  2326.92
35.8000  2085.75
35.8200  2217.33
35.8400  2131.87
35.8600  2287.79
35.8800  1989.54
35.9000  2091.58
35.9200  2020.22
35.9400  1974.10
35.9600  2262.59
35.9800  2170.42
36.0000  2171.16
36.0200  2211.17
36.0400  1970.13
36.0600  2173.94
36.0800  2052.51
36.1000  2015.66
36.1200  1978.62
36.1400  2038.98
36.1600  1944.75
36.1800  2070.07
36.2000  2034.78
36.2200  2186.64
36.2400  2347.07
36.2600  2003.36
36.2800  2206.98
36.3000  2050.07
36.3200  2081.28
36.3400  2089.68
36.3600  2106.42
36.3800  2166.60
36.4000  1986.82
36.4200  2233.33
36.4400  1981.88
36.4600  2175.00
36.4800  1991.19
36.5000  2208.68
36.5200  2112.83
36.5400  2075.76
36.5600  2328.68
36.5800  2086.76
36.6000  2048.78
36.6200  2126.66
36.6400  2170.83
36.6600  2153.56
36.6800  2206.08
36.7000  2169.85
36.7200  1979.07
36.7400  2059.67
36.7600  2090.64
36.7800  2191.13
36.8000  1972.15
36.8200  2100.17
36.8400  2142.46
36.8600  1948.59
36.8800  2091.15
36.9000  2103.09
36.9200  2057.81
36.9400  2073.15
36.9600  2025.76
36.9800  1968.01
37.0000  2077.83
37.0200  2099.51
37.0400  1984.25
37.0600  2091.91
37.0800  1993.37
37.1000  2205.36
37.1200  2375.16
37.1400  2038.89
37.1600  2251.41
37.1800  1981.53
37.2000  2049.75
37.2200  1774.54
37.2400  2014.39
37.2600  2137.52
37.2800  1985.14
37.3000  2139.58
37.3200  2110.29
37.3400  2124.08
37.3600  2091.25
37.3800  2027.63
37.4000  2133.20
37.4200  2145.15
37.4400  1927.55
37.4600  2115.21
37.4800  1905.03
37.5000  2197.18
37.5200  1935.37
37.5400  2041.13
37.5600  2105.56
37.5800  2022.31
37.6000  2149.70
37.6200  2027.04
37.6400  1982.04
37.6600  2095.43
37.6800  2048.20
37.7000  2054.38
37.7200  2169.54
37.7400  1919.02
37.7600  2088.50
37.7800  2043.87
37.8000  2215.45
37.8200  2096.45
37.8400  1981.32
37.8600  2072.39
37.8800  2101.17
37.9000  2110.97
37.9200  2015.62
37.9400  2038.81
37.9600  1955.11
37.9800  2092.93
38.0000  1998.62
38.0200  1949.06
38.0400  2063.68
38.0600  2102.98
38.0800  2031.05
38.1000  2123.06
38.1200  1979.07
38.1400  2008.81
38.1600  2145.50
38.1800  1980.68
38.2000  2156.79
38.2200  2212.85
38.2400  2113.01
38.2600  2076.89
38.2800  2011.20
38.3000  2157.91
38.3200  2110.34
38.3400  1960.97
38.3600  1980.26
38.3800  2128.75
38.4000  2043.44
38.4200  2251.59
38.4400  2063.69
38.4600  1996.05
38.4800  2199.88
38.5000  2114.85
38.5200  2043.35
38.5400  2058.00
38.5600  2019.27
38.5800  2029.61
38.6000  2024.49
38.6200  2166.82
38.6400  1979.94
38.6600  2056.04
38.6800  1933.39
38.7000  2242.11
38.7200  2073.97
38.7400  1865.77
38.7600  1854.89
38.7800  1954.66
38.8000  2227.14
38.8200  2053.63
38.8400  1985.30
38.8600  2147.53
38.8800  2123.98
38.9000  1994.61
38.9200  2052.51
38.9400  1942.69
38.9600  1895.97
38.9800  1937.28
39.0000  2182.00
39.0200  1934.28
39.0400  2159.95
39.0600  1826.37
39.0800  1861.62
39.1000  2152.14
39.1200  2001.71
39.1400  1993.50
39.1600  2218.67
39.1800  2088.74
39.2000  2029.04
39.2200  2100.78
39.2400  1914.60
39.2600  1977.78
39.2800  2049.30
39.3000  1970.68
39.3200  2081.81
39.3400  1863.59
39.3600  2220.49
39.3800  1945.03
39.4000  1918.79
39.4200  2040.08
39.4400  2090.55
39.4600  1934.95
39.4800  2002.38
39.5000  1971.44
39.5200  1866.32
39.5400  1999.77
39.5600  2022.34
39.5800  2038.53
39.6000  1964.40
39.6200  2057.92
39.6400  1999.39
39.6600  2188.54
39.6800  2016.17
39.7000  2073.81
39.7200  2090.75
39.7400  2032.29
39.7600  2162.33
39.7800  2302.20
39.8000  2386.98
39.8200  2241.15
39.8400  2342.09
39.8600  2510.01
39.8800  2665.32
39.9000  2668.64
39.9200  2763.61
39.9400  3064.74
39.9600  3126.50
39.9800  3220.59
40.0000  3321.00
40.0200  3051.21
40.0400  3155.38
40.0600  3180.02
40.0800  2876.32
40.1000  2761.17
40.1200  2749.62
40.1400  2471.00
40.1600  2273.62
40.1800  2434.95
40.2000  2002.26
40.2200  2292.89
40.2400  2172.13
40.2600  1971.56
40.2800  1988.05
40.3000  1820.88
40.3200  2019.87
40.3400  2106.86
40.3600  1988.45
40.3800  1833.27
40.4000  1998.82
40.4200  2059.26
40.4400  2016.19
40.4600  1924.42
40.4800  1823.82
40.5000  2086.24
40.5200  2009.27
40.5400  1940.54
40.5600  2085.78
40.5800  2087.02
40.6000  1883.27
40.6200  2079.57
40.6400  2203.05
40.6600  2154.27
40.6800  1991.15
40.7000  1879.84
40.7200  1985.83
40.7400  2225.33
40.7600  2169.52
40.7800  1829.57
40.8000  2238.07
40.8200  1942.71
40.8400  2052.57
40.8600  1952.37
40.8800  1969.64
40.9000  2053.47
40.9200  2049.22
40.9400  1927.59
40.9600  2079.61
40.9800  2043.76
41.0000  2133.94
41.0200  2203.72
41.0400  2187.59
41.0600  2363.63
41.0800  2600.47
41.1000  2631.78
41.1200  2610.11
41.1400  2764.44
41.1600  2832.93
41.1800  2873.20
41.2000  2782.60
41.2200  2866.76
41.2400  2876.89
41.2600  2675.43
41.2800  2470.18
41.3000  2681.85
41.3200  2523.93
41.3400  2498.43
41.3600  2489.58
41.3800  2390.85
41.4000  2163.88
41.4200  2179.77
41.4400  2053.31
41.4600  2073.08
41.4800  2069.56
41.5000  2088.46
41.5200  1982.75
41.5400  2070.50
41.5600  1931.20
41.5800  1856.51
41.6000  1988.28
41.6200  2099.53
41.6400  1929.52
41.6600  1896.64
41.6800  2158.04
41.7000  1953.29
41.7200  1986.47
41.7400  2098.34
41.7600  2027.23
41.7800  2154.09
41.8000  1988.95
41.8200  1964.98
41.8400  2091.56
41.8600  2124.99
41.8800  1978.49
41.9000  1844.71
41.9200  1914.81
41.9400  1860.34
41.9600  1960.88
41.9800  1999.48
42.0000  1935.61
42.0200  2139.61
42.0400  1977.42
42.0600  2112.94
42.0800  1939.04
42.1000  1973.55
42.1200  2126.85
42.1400  1880.33
42.1600  1831.26
42.1800  1891.96
42.2000  2044.02
42.2200  1907.06
42.2400  1990.24
42.2600  2099.53
42.2800  2031.10
42.3000  1943.72
42.3200  2171.47
42.3400  2119.08
42.3600  2128.28
42.3800  2030.04
42.4000  2035.73
42.4200  1953.49
42.4400  2085.05
42.4600  2077.04
42.4800  2030.49
42.5000  1906.63
42.5200  2045.95
42.5400  1887.95
42.5600  2018.99
42.5800  1898.77
42.6000  1846.26
42.6200  2049.42
42.6400  1914.70
42.6600  1850.11
42.6800  1998.73
42.7000  2124.40
42.7200  2036.59
42.7400  2043.61
42.7600  1898.72
42.7800  2034.64
42.8000  1875.21
42.8200  1853.55
42.8400  2145.73
42.8600  2047.68
42.8800  2108.50
42.9000  2236.82
42.9200  1901.15
42.9400  1941.24
42.9600  1865.54
42.9800  2187.24
43.0000  2041.73
43.0200  2046.43
43.0400  2000.77
43.0600  1974.31
43.0800  1807.63
43.1000  1926.31
43.1200  2012.53
43.1400  1988.95
43.1600  2126.11
43.1800  2107.93
43.2000  1936.89
43.2200  1981.02
43.2400  2076.75
43.2600  1966.20
43.2800  2122.77
43.3000  2027.67
43.3200  2113.10
43.3400  2094.54
43.3600  1974.76
43.3800  1825.91
43.4000  2071.92
43.4200  2196.59
43.4400  2096.47
43.4600  2045.63
43.4800  2092.48
43.5000  2144.67
43.5200  1823.90
43.5400  2049.70
43.5600  2058.18
43.5800  2082.96
43.6000  2036.33
43.6200  1856.94
43.6400  1952.07
43.6600  2051.03
43.6800  2001.25
43.7000  1946.22
43.7200  2034.96
43.7400  2029.19
43.7600  2073.43
43.7800  2060.21
43.8000  2029.62
43.8200  1937.89
43.8400  1807.40
43.8600  2114.86
43.8800  2229.29
43.9000  2109.80
43.9200  2156.10
43.9400  1915.40
43.9600  1928.57
43.9800  2036.66
44.0000  2008.33
44.0200  2052.55
44.0400  1841.58
44.0600  1927.63
44.0800  2166.59
44.1000  2205.09
44.1200  2022.06
44.1400  1895.09
44.1600  1997.35
44.1800  1951.75
44.2000  1883.92
44.2200  1910.71
44.2400  1913.70
44.2600  1880.08
44.2800  2056.88
44.3000  1780.79
44.3200  2154.96
44.3400  2283.37
44.3600  2079.85
44.3800  2213.46
44.4000  1946.84
44.4200  2000.68
44.4400  2111.22
44.4600  1875.02
44.4800  1912.59
44.5000  2047.89
44.5200  1862.33
44.5400  2008.84
44.5600  1967.58
44.5800  2027.52
44.6000  2185.67
44.6200  1916.27
44.6400  2131.80
44.6600  1987.74
44.6800  2160.76
44.7000  2074.88
44.7200  2017.37
44.7400  1999.50
44.7600  1990.66
44.7800  2065.11
44.8000  1967.82
44.8200  2057.56
44.8400  2056.95
44.8600  1942.59
44.8800  1967.72
44.9000  2073.14
44.9200  2015.82
44.9400  1947.23
44.9600  1996.45
44.9800  2111.91
45.0000  1922.42
45.0200  1901.67
45.0400  2017.34
45.0600  2001.75
45.0800  2044.47
45.1000  2042.48
45.1200  1932.36
45.1400  2003.45
45.1600  1817.19
45.1800  2024.91
45.2000  1963.94
45.2200  2159.47
45.2400  2059.76
45.2600  1869.87
45.2800  2019.61
45.3000  2053.41
45.3200  2090.99
45.3400  1876.07
45.3600  1924.92
45.3800  2096.94
45.4000  1898.51
45.4200  2007.80
45.4400  1988.26
45.4600  2038.11
45.4800  1897.36
45.5000  1970.05
45.5200  1869.43
45.5400  1814.29
45.5600  2094.42
45.5800  1998.93
45.6000  2047.11
45.6200  2083.03
45.6400  2100.08
45.6600  1951.22
45.6800  1932.96
45.7000  1846.90
45.7200  2048.78
45.7400  1849.64
45.7600  2170.35
45.7800  1960.57
45.8000  2099.07
45.8200  2131.84
45.8400  1976.03
45.8600  2003.61
45.8800  1868.09
45.9000  2031.23
45.9200  1929.60
45.9400  2012.92
45.9600  2015.20
45.9800  1926.43
46.0000  2017.91
46.0200  1928.93
46.0400  1948.00
46.0600  1944.40
46.0800  1937.32
46.1000  1972.85
46.1200  2154.89
46.1400  2147.19
46.1600  1991.28
46.1800  2015.20
46.2000  2078.02
46.2200  1948.10
46.2400  1916.35
46.2600  1948.95
46.2800  1995.07
46.3000  1944.03
46.3200  2074.84
46.3400  2090.26
46.3600  2140.51
46.3800  1979.33
46.4000  2008.33
46.4200  2175.73
46.4400  1934.01
46.4600  2026.37
46.4800  2111.43
46.5000  1895.02
46.5200  2002.42
46.5400  2075.37
46.5600  1895.83
46.5800  2024.20
46.6000  2050.49
46.6200  2132.13
46.6400  1956.97
46.6600  2128.71
46.6800  2252.95
46.7000  1888.00
46.7200  1958.51
46.7400  1944.46
46.7600  1910.46
46.7800  2064.80
46.8000  1998.80
46.8200  2108.88
46.8400  1871.97
46.8600  2237.18
46.8800  1773.22
46.9000  1923.77
46.9200  2125.25
46.9400  2024.78
46.9600  1986.11
46.9800  1834.05
47.0000  2017.05
47.0200  2019.09
47.0400  2035.16
47.0600  2074.62
47.0800  2041.10
47.1000  2252.04
47.1200  2217.67
47.1400  2250.76
47.1600  2252.70
47.1800  2637.48
47.2000  2407.00
47.2200  2707.05
47.2400  2834.41
47.2600  2856.49
47.2800  3059.69
47.3000  2934.66
47.3200  3079.12
47.3400  3178.81
47.3600  3411.86
47.3800  3249.77
47.4000  3402.74
47.4200  3492.10
47.4400  3630.95
47.4600  3713.10
47.4800  3702.85
47.5000  3749.28
47.5200  3570.37
47.5400  3399.06
47.5600  3395.41
47.5800  3155.18
47.6000  2973.21
47.6200  2786.32
47.6400  2694.77
47.6600  2482.05
47.6800  2129.28
47.7000  2125.47
47.7200  2058.70
47.7400  2066.13
47.7600  2201.22
47.7800  2026.64
47.8000  1929.36
47.8200  1743.88
47.8400  1956.08
47.8600  1980.74
47.8800  1880.89
47.9000  2032.30
47.9200  2045.07
47.9400  1853.25
47.9600  1980.95
47.9800  2117.21
48.0000  2146.84
48.0200  1871.71
48.0400  2007.31
48.0600  2035.51
48.0800  1916.44
48.1000  1856.60
48.1200  2045.02
48.1400  1937.10
48.1600  1941.27
48.1800  2028.33
48.2000  2093.18
48.2200  1918.38
48.2400  2032.47
48.2600  1823.02
48.2800  2017.02
48.3000  1889.20
48.3200  2124.05
48.3400  2043.75
48.3600  2039.14
48.3800  2040.82
48.4000  2049.91
48.4200  1923.55
48.4400  1976.61
48.4600  2122.13
48.4800  2002.05
48.5000  2029.12
48.5200  1974.82
48.5400  2058.48
48.5600  2051.38
48.5800  1989.72
48.6000  2203.77
48.6200  2010.77
48.6400  2140.52
48.6600  2025.93
48.6800  2040.61
48.7000  1953.66
48.7200  1899.30
48.7400  1970.74
48.7600  1902.86
48.7800  1828.50
48.8000  2085.05
48.8200  1821.96
48.8400  1890.38
48.8600  1964.04
48.8800  2306.06
48.9000  1860.74
48.9200  2016.97
48.9400  1940.60
48.9600  1954.94
48.9800  2093.05
49.0000  1985.37
49.0200  2026.37
49.0400  1904.40
49.0600  1965.76
49.0800  2101.35
49.1000  1860.97
49.1200  1997.50
49.1400  1865.54
49.1600  2091.55
49.1800  1897.41
49.2000  1953.45
49.2200  2134.55
49.2400  2100.72
49.2600  2077.13
49.2800  1961.32
49.3000  2031.00
49.3200  2039.68
49.3400  2138.18
49.3600  2140.78
49.3800  1952.80
49.4000  1868.20
49.4200  2017.86
49.4400  2043.78
49.4600  1890.00
49.4800  1928.14
49.5000  2084.08
49.5200  2056.75
49.5400  2036.36
49.5600  2059.56
49.5800  1975.27
49.6000  1904.10
49.6200  1903.61
49.6400  2014.75
49.6600  2169.78
49.6800  2003.81
49.7000  2062.21
49.7200  2226.34
49.7400  2067.31
49.7600  2148.28
49.7800  2082.88
49.8000  2004.72
49.8200  1928.03
49.8400  2026.13
49.8600  2223.11
49.8800  1981.31
49.9000  1867.24
49.9200  1982.21
49.9400  1924.74
49.9600  1974.54
49.9800  2087.66
50.0000  1980.28
50.0200  1932.14
50.0400  2062.34
50.0600  1947.82
50.0800  2065.34
50.1000  1855.57
50.1200  2100.47
50.1400  1907.46
50.1600  2016.19
50.1800  2073.93
50.2000  1912.51
50.2200  2121.60
50.2400  1931.05
50.2600  2077.85
50.2800  1983.67
50.3000  2111.45
50.3200  2066.12
50.3400  1969.18
50.3600  2116.49
50.3800  1977.70
50.4000  2123.80
50.4200  1824.20
50.4400  1924.26
50.4600  2006.31
50.4800  1813.75
50.5000  1943.89
50.5200  1787.95
50.5400  1888.32
50.5600  1954.52
50.5800  2169.63
50.6000  2054.31
50.6200  2072.63
50.6400  1651.26
50.6600  2041.06
50.6800  1994.58
50.7000  2116.76
50.7200  1888.56
50.7400  2144.31
50.7600  2118.26
50.7800  1845.38
50.8000  2075.76
50.8200  2102.89
50.8400  1958.98
50.8600  1942.34
50.8800  2069.75
50.9000  2030.41
50.9200  1978.20
50.9400  2174.24
50.9600  2068.17
50.9800  2003.99
51.0000  2052.00
51.0200  1947.94
51.0400  1878.82
51.0600  2005.31
51.0800  2111.19
51.1000  1812.38
51.1200  1643.05
51.1400  2085.12
51.1600  2240.57
51.1800  1998.23
51.2000  2077.15
51.2200  2057.96
51.2400  2162.75
51.2600  2056.90
51.2800  1915.41
51.3000  1893.69
51.3200  2001.05
51.3400  1921.99
51.3600  1940.57
51.3800  2099.97
51.4000  1983.06
51.4200  1970.66
51.4400  2154.54
51.4600  1994.10
51.4800  1996.25
51.5000  2096.77
51.5200  2121.27
51.5400  2091.49
51.5600  2094.74
51.5800  1891.04
51.6000  1804.16
51.6200  1815.32
51.6400  1941.72
51.6600  2048.01
51.6800  2032.00
51.7000  2201.83
51.7200  2134.14
51.7400  1991.49
51.7600  2064.96
51.7800  2116.37
51.8000  2042.20
51.8200  2082.55
51.8400  1824.61
51.8600  1922.34
51.8800  1894.83
51.9000  2147.37
51.9200  1989.24
51.9400  2017.89
51.9600  1860.22
51.9800  1904.58
52.0000  2057.57
52.0200  1816.80
52.0400  2087.66
52.0600  1974.75
52.0800  2076.16
52.1000  2215.34
52.1200  2017.25
52.1400  1895.12
52.1600  1907.31
52.1800  2020.44
52.2000  1947.22
52.2200  2047.58
52.2400  1991.64
52.2600  2067.07
52.2800  1980.61
52.3000  1976.34
52.3200  1972.14
52.3400  2129.71
52.3600  1950.52
52.3800  2008.48
52.4000  1929.48
52.4200  2036.93
52.4400  2128.46
52.4600  1886.26
52.4800  1987.40
52.5000  2010.48
52.5200  1936.85
52.5400  2007.59
52.5600  1928.28
52.5800  2057.66
52.6000  2124.01
52.6200  1897.38
52.6400  2108.46
52.6600  2002.27
52.6800  1904.58
52.7000  1868.84
52.7200  1861.29
52.7400  1985.77
52.7600  1826.84
52.7800  2058.84
52.8000  1940.53
52.8200  2014.55
52.8400  2002.08
52.8600  2230.96
52.8800  1881.91
52.9000  2062.83
52.9200  2121.13
52.9400  1976.52
52.9600  2004.43
52.9800  1987.70
53.0000  2014.69
53.0200  2074.28
53.0400  1975.06
53.0600  1902.30
53.0800  2053.46
53.1000  2129.96
53.1200  1871.29
53.1400  2194.06
53.1600  2039.46
53.1800  1970.96
53.2000  1898.59
53.2200  1884.74
53.2400  2062.31
53.2600  1956.25
53.2800  1957.42
53.3000  1968.52
53.3200  1981.04
53.3400  1914.94
53.3600  1992.46
53.3800  2055.93
53.4000  1961.59
53.4200  1790.90
53.4400  1903.93
53.4600  2022.69
53.4800  2023.86
53.5000  1876.24
53.5200  2196.72
53.5400  1820.50
53.5600  2088.70
53.5800  1997.49
53.6000  1986.33
53.6200  1836.36
53.6400  1928.06
53.6600  1984.77
53.6800  2007.65
53.7000  2030.81
53.7200  2007.36
53.7400  1868.88
53.7600  1831.06
53.7800  2150.09
53.8000  1924.96
53.8200  1918.24
53.8400  1975.23
53.8600  2035.08
53.8800  2186.93
53.9000  1830.16
53.9200  2062.62
53.9400  1875.42
53.9600  1948.26
53.9800  1974.70
54.0000  2048.97
54.0200  2006.81
54.0400  2112.49
54.0600  1889.54
54.0800  2060.80
54.1000  1949.02
54.1200  1762.85
54.1400  2011.30
54.1600  2019.06
54.1800  2052.12
54.2000  2140.69
54.2200  2217.10
54.2400  1976.98
54.2600  2071.89
54.2800  2042.89
54.3000  2100.94
54.3200  1896.21
54.3400  2077.24
54.3600  2018.13
54.3800  1869.15
54.4000  1952.73
54.4200  1857.61
54.4400  1854.25
54.4600  1961.32
54.4800  2002.08
54.5000  2091.17
54.5200  2025.44
54.5400  2048.33
54.5600  2028.71
54.5800  2055.35
54.6000  2004.97
54.6200  1978.60
54.6400  1883.05
54.6600  1973.99
54.6800  1824.39
54.7000  1847.27
54.7200  2067.51
54.7400  2085.78
54.7600  1879.26
54.7800  1896.24
54.8000  1988.34
54.8200  2148.69
54.8400  2055.77
54.8600  2045.31
54.8800  2025.89
54.9000  1989.22
54.9200  1932.06
54.9400  1970.25
54.9600  2113.74
54.9800  1982.01
55.0000  2195.27
55.0200  2169.31
55.0400  1961.19
55.0600  1912.77
55.0800  1838.24
55.1000  2107.32
55.1200  1930.66
55.1400  1969.05
55.1600  2128.96
55.1800  1922.98
55.2000  2059.77
55.2200  2008.98
55.2400  1901.18
55.2600  1867.03
55.2800  2125.81
55.3000  1883.22
55.3200  2075.27
55.3400  2007.98
55.3600  1965.47
55.3800  2086.96
55.4000  1876.23
55.4200  2111.05
55.4400  2025.14
55.4600  1846.24
55.4800  1934.71
55.5000  2136.31
55.5200  2125.56
55.5400  2013.07
55.5600  1958.22
55.5800  2228.72
55.6000  2017.23
55.6200  2237.78
55.6400  2074.20
55.6600  1935.24
55.6800  2072.95
55.7000  1980.91
55.7200  1894.26
55.7400  2122.96
55.7600  2068.57
55.7800  1974.05
55.8000  2048.56
55.8200  1914.07
55.8400  1992.91
55.8600  2167.93
55.8800  2121.89
55.9000  2093.72
55.9200  2118.77
55.9400  2031.71
55.9600  2212.30
55.9800  2406.68
56.0000  2311.92
56.0200  2527.70
56.0400  2657.28
56.0600  2448.08
56.0800  2568.71
56.1000  2610.60
56.1200  2660.32
56.1400  2634.77
56.1600  2526.08
56.1800  2267.90
56.2000  2238.84
56.2200  2508.81
56.2400  2231.00
56.2600  2260.06
56.2800  2331.70
56.3000  2039.83
56.3200  2103.15
56.3400  1960.03
56.3600  1995.49
56.3800  1979.49
56.4000  2044.24
56.4200  2019.85
56.4400  1982.33
56.4600  1898.95
56.4800  2075.96
56.5000  1980.53
56.5200  1901.96
56.5400  1932.53
56.5600  2133.53
56.5800  2054.64
56.6000  2096.88
56.6200  2171.78
56.6400  2163.69
56.6600  2032.26
56.6800  1988.69
56.7000  2133.45
56.7200  1894.27
56.7400  1984.59
56.7600  1903.39
56.7800  1984.77
56.8000  1924.56
56.8200  1878.62
56.8400  2131.41
56.8600  1838.46
56.8800  1891.78
56.9000  1982.45
56.9200  2084.57
56.9400  2012.85
56.9600  2025.27
56.9800  2133.02
57.0000  1959.40
57.0200  1998.64
57.0400  1850.08
57.0600  1789.10
57.0800  2078.68
57.1000  1945.91
57.1200  2032.71
57.1400  1998.50
57.1600  1847.77
57.1800  2091.85
57.2000  1827.12
57.2200  1873.92
57.2400  2027.97
57.2600  2165.92
57.2800  2059.71
57.3000  1954.36
57.3200  1974.15
57.3400  1938.36
57.3600  1974.16
57.3800  2071.64
57.4000  1915.70
57.4200  2180.08
57.4400  2050.03
57.4600  1881.11
57.4800  1909.78
57.5000  2087.02
57.5200  2013.83
57.5400  1825.08
57.5600  1908.01
57.5800  1909.79
57.6000  1863.89
57.6200  2055.61
57.6400  2096.85
57.6600  1987.29
57.6800  2000.10
57.7000  2089.44
57.7200  1981.99
57.7400  2058.75
57.7600  1947.80
57.7800  1999.69
57.8000  2204.74
57.8200  2114.14
57.8400  2151.34
57.8600  1992.31
57.8800  2058.91
57.9000  1821.73
57.9200  1913.46
57.9400  1978.16
57.9600  1903.44
57.9800  1879.02
58.0000  1965.72
58.0200  2098.27
58.0400  2012.06
58.0600  1891.95
58.0800  1974.83
58.1000  1858.39
58.1200  1936.94
58.1400  1862.44
58.1600  2142.69
58.1800  1838.84
58.2000  1910.42
58.2200  2010.56
58.2400  1912.17
58.2600  2212.44
58.2800  2037.03
58.3000  1966.30
58.3200  2023.85
58.3400  2007.40
58.3600  2081.39
58.3800  1849.97
58.4000  2074.00
58.4200  1954.03
58.4400  2019.30
58.4600  2028.27
58.4800  2114.05
58.5000  1996.35
58.5200  2101.93
58.5400  1874.96
58.5600  2057.60
58.5800  1989.73
58.6000  1917.35
58.6200  1950.62
58.6400  1990.74
58.6600  1886.11
58.6800  1846.23
58.7000  1850.86
58.7200  2052.84
58.7400  2102.64
58.7600  1940.48
58.7800  2131.43
58.8000  1976.09
58.8200  1911.93
58.8400  1874.62
58.8600  1943.56
58.8800  1883.07
58.9000  2077.39
58.9200  2096.54
58.9400  2061.75
58.9600  2028.73
58.9800  2091.45
59.0000  1918.67
59.0200  1692.60
59.0400  2085.35
59.0600  2121.17
59.0800  1966.88
59.1000  2043.19
59.1200  1955.80
59.1400  1827.77
59.1600  2089.08
59.1800  1847.40
59.2000  2179.63
59.2200  2009.22
59.2400  1906.04
59.2600  1959.38
59.2800  2026.05
59.3000  2067.65
59.3200  1956.25
59.3400  2015.71
59.3600  1977.03
59.3800  1975.93
59.4000  1941.45
59.4200  2042.73
59.4400  2047.73
59.4600  2139.94
59.4800  2106.38
59.5000  1960.94
59.5200  1805.62
59.5400  1891.07
59.5600  1903.07
59.5800  1928.26
59.6000  1962.91
59.6200  2090.03
59.6400  2105.98
59.6600  2130.52
59.6800  2028.67
59.7000  2084.78
59.7200  1982.35
59.7400  2050.19
59.7600  1942.79
59.7800  1992.70
59.8000  1936.57
59.8200  1939.96
59.8400  2021.31
59.8600  1938.77
59.8800  2062.78
59.9000  1973.73
59.9200  1976.47
59.9400  2010.76
59.9600  1856.58
59.9800  2048.38
60.0000  2020.12
60.0200  2039.15
60.0400  2055.85
60.0600  2192.23
60.0800  1947.75
60.1000  2109.62
60.1200  1852.39
60.1400  2081.48
60.1600  2022.15
60.1800  2060.63
60.2000  2114.06
60.2200  2219.74
60.2400  2121.80
60.2600  1923.38
60.2800  1887.75
60.3000  2088.28
60.3200  2032.00
60.3400  2039.84
60.3600  1887.04
60.3800  1977.16
60.4000  1978.73
60.4200  1854.61
60.4400  2051.78
60.4600  2027.02
60.4800  1813.72
60.5000  1978.74
60.5200  2189.39
60.5400  2131.05
60.5600  2080.62
60.5800  2144.99
60.6000  1943.31
60.6200  2195.18
60.6400  2094.66
60.6600  2094.01
60.6800  1894.85
60.7000  1923.74
60.7200  2086.91
60.7400  2094.35
60.7600  2122.79
60.7800  2143.68
60.8000  1969.35
60.8200  2011.38
60.8400  2172.31
60.8600  2074.91
60.8800  2158.86
60.9000  2107.71
60.9200  2125.23
60.9400  2087.46
60.9600  2118.18
60.9800  2055.82
61.0000  2045.16
61.0200  2164.69
61.0400  2174.61
61.0600  2100.06
61.0800  1936.86
61.1000  1932.12
61.1200  2032.37
61.1400  2022.47
61.1600  1958.73
61.1800  1806.78
61.2000  2208.95
61.2200  1769.95
61.2400  2119.54
61.2600  2100.94
61.2800  2133.09
61.3000  1825.78
61.3200  2123.37
61.3400  1951.04
61.3600  1852.26
61.3800  1895.57
61.4000  2069.22
61.4200  1980.26
61.4400  2007.32
61.4600  1868.85
61.4800  2000.06
61.5000  1867.55
61.5200  2029.66
61.5400  1826.64
61.5600  2111.80
61.5800  1986.62
61.6000  1977.23
61.6200  1973.67
61.6400  1959.40
61.6600  2011.82
61.6800  1987.87
61.7000  2143.78
61.7200  1858.01
61.7400  2088.89
61.7600  1859.31
61.7800  1993.94
61.8000  2046.67
61.8200  1969.85
61.8400  2000.17
61.8600  1908.28
61.8800  1951.52
61.9000  1973.71
61.9200  2033.68
61.9400  1945.88
61.9600  2046.60
61.9800  1846.39
62.0000  1984.37
62.0200  2079.48
62.0400  1986.38
62.0600  2033.90
62.0800  2038.93
62.1000  2022.05
62.1200  1885.90
62.1400  1962.97
62.1600  2034.83
62.1800  2066.75
62.2000  1958.88
62.2200  2071.58
62.2400  1847.25
62.2600  2214.41
62.2800  2021.30
62.3000  1927.28
62.3200  2055.32
62.3400  1816.45
62.3600  1873.00
62.3800  2071.17
62.4000  2037.14
62.4200  2066.39
62.4400  2008.94
62.4600  2024.14
62.4800  2137.91
62.5000  1807.95
62.5200  2059.60
62.5400  2037.56
62.5600  1988.92
62.5800  1957.87
62.6000  2078.77
62.6200  2176.66
62.6400  2053.47
62.6600  2017.71
62.6800  2124.39
62.7000  2020.19
62.7200  2315.94
62.7400  2002.59
62.7600  2157.50
62.7800  1942.09
62.8000  1971.80
62.8200  1945.18
62.8400  1996.54
62.8600  2014.91
62.8800  2046.21
62.9000  1983.01
62.9200  2106.97
62.9400  2185.27
62.9600  2033.80
62.9800  1955.16
63.0000  2100.08
63.0200  2045.94
63.0400  2009.58
63.0600  2130.81
63.0800  2061.83
63.1000  2167.73
63.1200  1979.04
63.1400  1908.65
63.1600  1831.77
63.1800  2169.26
63.2000  1968.67
63.2200  1934.40
63.2400  2166.41
63.2600  2077.10
63.2800  1945.12
63.3000  1986.82
63.3200  1872.09
63.3400  1953.14
63.3600  1953.27
63.3800  1991.51
63.4000  2045.55
63.4200  1948.34
63.4400  2096.13
63.4600  2114.86
63.4800  1912.52
63.5000  1830.85
63.5200  1976.57
63.5400  1850.71
63.5600  1781.42
63.5800  2015.57
63.6000  2005.28
63.6200  1931.24
63.6400  1985.27
63.6600  1911.35
63.6800  2031.19
63.7000  1788.27
63.7200  2018.45
63.7400  1928.31
63.7600  1927.78
63.7800  1986.75
63.8000  1848.42
63.8200  1968.65
63.8400  2032.68
63.8600  2012.18
63.8800  1936.86
63.9000  2058.79
63.9200  1740.17
63.9400  2018.80
63.9600  2158.04
63.9800  1833.72
64.0000  2041.17
64.0200  1822.61
64.0400  2133.94
64.0600  1955.18
64.0800  2139.06
64.1000  2136.30
64.1200  2091.63
64.1400  1878.86
64.1600  2042.82
64.1800  1969.06
64.2000  1952.39
64.2200  1945.46
64.2400  1914.94
64.2600  1982.62
64.2800  1989.36
64.3000  2123.70
64.3200  2035.72
64.3400  2071.21
64.3600  1886.77
64.3800  2132.02
64.4000  2003.20
64.4200  2049.80
64.4400  1911.74
64.4600  2137.09
64.4800  2152.25
64.5000  1868.60
64.5200  2042.57
64.5400  1994.68
64.5600  2005.57
64.5800  1835.52
64.6000  1892.05
64.6200  2175.89
64.6400  2015.14
64.6600  2225.41
64.6800  2066.88
64.7000  1983.81
64.7200  1965.67
64.7400  2024.15
64.7600  2069.18
64.7800  2011.97
64.8000  2053.95
64.8200  2096.79
64.8400  1867.21
64.8600  1940.53
64.8800  1939.41
64.9000  1998.92
64.9200  2153.03
64.9400  1957.53
64.9600  2052.79
64.9800  2145.85
65.0000  1801.17
65.0200  1939.36
65.0400  2047.64
65.0600  1993.33
65.0800  1970.13
65.1000  1921.36
65.1200  1973.94
65.1400  1951.90
65.1600  1993.21
65.1800  2000.73
65.2000  2081.38
65.2200  2023.03
65.2400  2100.80
65.2600  1949.20
65.2800  2118.16
65.3000  2006.32
65.3200  2159.12
65.3400  2055.12
65.3600  1974.14
65.3800  2004.90
65.4000  2251.10
65.4200  1833.93
65.4400  1962.75
65.4600  2019.51
65.4800  2109.53
65.5000  2037.69
65.5200  2003.84
65.5400  1918.82
65.5600  1967.04
65.5800  2200.66
65.6000  1839.83
65.6200  1889.91
65.6400  1877.20
65.6600  1976.36
65.6800  2030.87
65.7000  2089.26
65.7200  1960.07
65.7400  1804.74
65.7600  1848.07
65.7800  1974.44
65.8000  1784.26
65.8200  2059.03
65.8400  1930.57
65.8600  1842.52
65.8800  1972.27
65.9000  2003.29
65.9200  2036.14
65.9400  2147.67
65.9600  2131.11
65.9800  1906.98
66.0000  1975.43
66.0200  1864.56
66.0400  2077.93
66.0600  1986.25
66.0800  2017.17
66.1000  2024.24
66.1200  2022.92
66.1400  1805.08
66.1600  2063.32
66.1800  2027.70
66.2000  2039.69
66.2200  2118.44
66.2400  1920.49
66.2600  1773.77
66.2800  2027.26
66.3000  1915.72
66.3200  1951.95
66.3400  1985.83
66.3600  2010.72
66.3800  2052.51
66.4000  2004.44
66.4200  1899.73
66.4400  2132.56
66.4600  2014.04
66.4800  1941.84
66.5000  1980.03
66.5200  2091.20
66.5400  1943.90
66.5600  1850.62
66.5800  2117.59
66.6000  1962.91
66.6200  1996.12
66.6400  1899.35
66.6600  1869.72
66.6800  1931.81
66.7000  1916.70
66.7200  2096.83
66.7400  1980.35
66.7600  2109.95
66.7800  2131.34
66.8000  1978.87
66.8200  1731.05
66.8400  1957.41
66.8600  2061.50
66.8800  1933.35
66.9000  2121.73
66.9200  2037.23
66.9400  2056.16
66.9600  2033.94
66.9800  1741.52
67.0000  1872.28
67.0200  2110.97
67.0400  2156.48
67.0600  1896.77
67.0800  2039.11
67.1000  2052.89
67.1200  1965.28
67.1400  1919.35
67.1600  1900.90
67.1800  2009.05
67.2000  1991.70
67.2200  2116.28
67.2400  2112.71
67.2600  2046.49
67.2800  1982.72
67.3000  1845.12
67.3200  2004.72
67.3400  2060.83
67.3600  2004.09
67.3800  1951.23
67.4000  2064.57
67.4200  2066.75
67.4400  2179.92
67.4600  2032.87
67.4800  1993.63
67.5000  1919.06
67.5200  1959.50
67.5400  1792.85
67.5600  2097.02
67.5800  2014.14
67.6000  2059.31
67.6200  1884.47
67.6400  1929.85
67.6600  2006.79
67.6800  2005.29
67.7000  1958.67
67.7200  1795.35
67.7400  1935.41
67.7600  1932.62
67.7800  1906.44
67.8000  2022.23
67.8200  2069.21
67.8400  1906.96
67.8600  1840.92
67.8800  1949.77
67.9000  2028.41
67.9200  2069.33
67.9400  2137.13
67.9600  1978.37
67.9800  1865.80
68.0000  2082.69
68.0200  2002.83
68.0400  2028.28
68.0600  1981.63
68.0800  1783.97
68.1000  2051.43
68.1200  1928.11
68.1400  1872.05
68.1600  2044.79
68.1800  2015.24
68.2000  2081.28
68.2200  2011.35
68.2400  1860.06
68.2600  2138.58
68.2800  2116.89
68.3000  1932.61
68.3200  2061.58
68.3400  2043.89
68.3600  1782.82
68.3800  2030.68
68.4000  2022.47
68.4200  1872.71
68.4400  2040.59
68.4600  2032.53
68.4800  1956.74
68.5000  1771.08
68.5200  2133.01
68.5400  1994.69
68.5600  2090.71
68.5800  1971.54
68.6000  2121.84
68.6200  1995.43
68.6400  1928.53
68.6600  1933.67
68.6800  2076.43
68.7000  2265.10
68.7200  2077.55
68.7400  2269.25
68.7600  2523.87
68.7800  2746.87
68.8000  3498.97
68.8200  4606.66
68.8400  5955.38
68.8600  8070.93
68.8800  11240.39
68.9000  15483.89
68.9200  20868.72
68.9400  27599.61
68.9600  35513.35
68.9800  43999.43
69.0000  53267.71
69.0200  62232.30
69.0400  70232.23
69.0600  76424.47
69.0800  80541.72
69.1000  82045.43
69.1200  80531.91
69.1400  76657.50
69.1600  70194.82
69.1800  62155.32
69.2000  53108.86
69.2200  44094.61
69.2400  35389.78
69.2600  27550.97
69.2800  20932.04
69.3000  15536.05
69.3200  11065.14
69.3400  8198.90
69.3600  6123.68
69.3800  4386.14
69.4000  3521.64
69.4200  2838.09
69.4400  2403.14
69.4600  2305.90
69.4800  2155.02
69.5000  2162.16
69.5200  2037.81
69.5400  2010.08
69.5600  1988.25
69.5800  2106.14
69.6000  1917.74
69.6200  2029.13
69.6400  1915.74
69.6600  2007.19
69.6800  1938.86
69.7000  2007.98
69.7200  2017.95
69.7400  2081.28
69.7600  1926.35
69.7800  2065.20
69.8000  2014.66
69.8200  1990.66
69.8400  2046.62
69.8600  2068.93
69.8800  2006.10
69.9000  2198.38
69.9200  1989.55
69.9400  2150.88
69.9600  1972.24
69.9800  1907.77
70.0000  1961.43
70.0200  2080.14
70.0400  2182.38
70.0600  1937.83
70.0800  2068.11
70.1000  1881.31
70.1200  2114.86
70.1400  2121.38
70.1600  1995.51
70.1800  2083.28
70.2000  2002.60
70.2200  1956.35
70.2400  2027.28
70.2600  1943.12
70.2800  2051.47
70.3000  2158.76
70.3200  1978.26
70.3400  1999.02
70.3600  2069.31
70.3800  2014.08
70.4000  1900.19
70.4200  1866.00
70.4400  1926.45
70.4600  2040.36
70.4800  2020.05
70.5000  1757.68
70.5200  1966.51
70.5400  1918.74
70.5600  2074.37
70.5800  2071.13
70.6000  1899.62
70.6200  2128.02
70.6400  2059.30
70.6600  1864.90
70.6800  2135.27
70.7000  2126.89
70.7200  1864.96
70.7400  1844.15
70.7600  2122.32
70.7800  2036.51
70.8000  2085.18
70.8200  1957.27
70.8400  1975.35
70.8600  2094.68
70.8800  1923.25
70.9000  1784.81
70.9200  1885.46
70.9400  1971.49
70.9600  2063.61
70.9800  2016.91
71.0000  1955.30
71.0200  2141.26
71.0400  2113.50
71.0600  1987.42
71.0800  2109.08
71.1000  1864.20
71.1200  1929.32
71.1400  2040.33
71.1600  1927.91
71.1800  2159.38
71.2000  1998.02
71.2200  2014.73
71.2400  2045.90
71.2600  1977.84
71.2800  2190.68
71.3000  2112.14
71.3200  2296.70
71.3400  1897.65
71.3600  2041.80
71.3800  1995.20
71.4000  1967.30
71.4200  1842.92
71.4400  1981.53
71.4600  2112.29
71.4800  1854.95
71.5000  2110.19
71.5200  2063.84
71.5400  2175.28
71.5600  2061.30
71.5800  1996.51
71.6000  1965.11
71.6200  1997.53
71.6400  2189.20
71.6600  2142.97
71.6800  2005.81
71.7000  2069.03
71.7200  2025.64
71.7400  2023.09
71.7600  2008.67
71.7800  1722.87
71.8000  1993.74
71.8200  1912.43
71.8400  1878.34
71.8600  2003.53
71.8800  1930.89
71.9000  1919.37
71.9200  2074.42
71.9400  1805.35
71.9600  1894.96
71.9800  1832.19
72.0000  1993.98
72.0200  2084.02
72.0400  1979.18
72.0600  1981.06
72.0800  1901.70
72.1000  2149.50
72.1200  2060.20
72.1400  1860.76
72.1600  1889.74
72.1800  2028.77
72.2000  1773.50
72.2200  1972.55
72.2400  1918.39
72.2600  1887.64
72.2800  2038.28
72.3000  2133.95
72.3200  2013.26
72.3400  2023.15
72.3600  1807.87
72.3800  1937.70
72.4000  2094.84
72.4200  1977.82
72.4400  1931.52
72.4600  1924.77
72.4800  2047.46
72.5000  2003.15
72.5200  2143.49
72.5400  2052.47
72.5600  1942.56
72.5800  2007.29
72.6000  1930.46
72.6200  2266.70
72.6400  1937.63
72.6600  1935.40
72.6800  2046.66
72.7000  2032.08
72.7200  2014.03
72.7400  1951.31
72.7600  2068.18
72.7800  2239.74
72.8000  2020.66
72.8200  1919.74
72.8400  2069.33
72.8600  1933.90
72.8800  2089.57
72.9000  1840.53
72.9200  1838.75
72.9400  2294.59
72.9600  2116.59
72.9800  2137.82
73.0000  2035.62
73.0200  2001.77
73.0400  2004.56
73.0600  2049.33
73.0800  2001.30
73.1000  2060.54
73.1200  1845.70
73.1400  1991.55
73.1600  2050.29
73.1800  2060.24
73.2000  1943.05
73.2200  1916.81
73.2400  2060.46
73.2600  1841.75
73.2800  1915.08
73.3000  1939.59
73.3200  1968.45
73.3400  2075.82
73.3600  1924.10
73.3800  1923.52
73.4000  2087.26
73.4200  1987.50
73.4400  2103.72
73.4600  1988.86
73.4800  2016.64
73.5000  2249.20
73.5200  2045.13
73.5400  1927.02
73.5600  1991.75
73.5800  2079.85
73.6000  1952.18
73.6200  1870.21
73.6400  1972.11
73.6600  1979.97
73.6800  2022.69
73.7000  2028.41
73.7200  1966.86
73.7400  2060.36
73.7600  2101.47
73.7800  1944.10
73.8000  2071.44
73.8200  2080.79
73.8400  2035.27
73.8600  2038.80
73.8800  2167.59
73.9000  1976.46
73.9200  1744.18
73.9400  2112.53
73.9600  1807.17
73.9800  1917.87
74.0000  1859.68
74.0200  2043.17
74.0400  1997.19
74.0600  2034.11
74.0800  2090.40
74.1000  2056.76
74.1200  1940.17
74.1400  1960.70
74.1600  1967.83
74.1800  1981.78
74.2000  1986.77
74.2200  2046.00
74.2400  1879.23
74.2600  1975.57
74.2800  2072.12
74.3000  2295.77
74.3200  2010.07
74.3400  2065.99
74.3600  2038.27
74.3800  1978.47
74.4000  1901.19
74.4200  2111.65
74.4400  1948.27
74.4600  1954.97
74.4800  2135.73
74.5000  1814.71
74.5200  2006.61
74.5400  2106.04
74.5600  1983.37
74.5800  1969.21
74.6000  1821.14
74.6200  2030.65
74.6400  1950.12
74.6600  1896.43
74.6800  2141.20
74.7000  2089.84
74.7200  2014.19
74.7400  1868.26
74.7600  2051.66
74.7800  2080.74
74.8000  1790.15
74.8200  1965.75
74.8400  2072.99
74.8600  1825.22
74.8800  2195.80
74.9000  2031.17
74.9200  1897.79
74.9400  2035.31
74.9600  2173.37
74.9800  2073.92
75.0000  2108.46
75.0200  1828.22
75.0400  2038.23
75.0600  1935.80
75.0800  1949.94
75.1000  1997.69
75.1200  1957.68
75.1400  2003.41
75.1600  1981.38
75.1800  2195.72
75.2000  2107.72
75.2200  2030.89
75.2400  2047.65
75.2600  1937.80
75.2800  1982.69
75.3000  2075.63
75.3200  2153.12
75.3400  2162.06
75.3600  1870.44
75.3800  2001.46
75.4000  2036.15
75.4200  2039.26
75.4400  1911.21
75.4600  1886.31
75.4800  2151.14
75.5000  2025.07
75.5200  2024.64
75.5400  1941.81
75.5600  2062.07
75.5800  2001.12
75.6000  1999.33
75.6200  1990.91
75.6400  2165.23
75.6600  2006.97
75.6800  2033.88
75.7000  2111.00
75.7200  2005.18
75.7400  2013.94
75.7600  1942.35
75.7800  2025.73
75.8000  1929.76
75.8200  2113.79
75.8400  1920.09
75.8600  2020.69
75.8800  2016.20
75.9000  1999.13
75.9200  2016.39
75.9400  1835.25
75.9600  1850.24
75.9800  2096.33
76.0000  1948.87
76.0200  1824.34
76.0400  2098.63
76.0600  1976.25
76.0800  2065.21
76.1000  2086.49
76.1200  1892.43
76.1400  2142.36
76.1600  1924.82
76.1800  2115.76
76.2000  1992.73
76.2200  2027.55
76.2400  2025.60
76.2600  2035.01
76.2800  1974.62
76.3000  1961.38
76.3200  1978.86
76.3400  2031.18
76.3600  2063.05
76.3800  2041.00
76.4000  2007.20
76.4200  1911.91
76.4400  2107.37
76.4600  1748.50
76.4800  2066.94
76.5000  2017.99
76.5200  1977.03
76.5400  2052.17
76.5600  1966.98
76.5800  1910.55
76.6000  2035.46
76.6200  1993.50
76.6400  2092.37
76.6600  1895.03
76.6800  1982.31
76.7000  1981.20
76.7200  1828.92
76.7400  1940.35
76.7600  2294.53
76.7800  1991.75
76.8000  1995.58
76.8200  1733.27
76.8400  2150.10
76.8600  1944.33
76.8800  2073.80
76.9000  2003.51
76.9200  1945.57
76.9400  2156.00
76.9600  1981.85
76.9800  1942.56
77.0000  2012.05
77.0200  2040.55
77.0400  2026.26
77.0600  2029.03
77.0800  2201.28
77.1000  1869.66
77.1200  2068.60
77.1400  2020.07
77.1600  1873.53
77.1800  2073.29
77.2000  1963.27
77.2200  2106.46
77.2400  1937.27
77.2600  2168.64
77.2800  1937.53
77.3000  1864.09
77.3200  2055.34
77.3400  1889.92
77.3600  1957.04
77.3800  1919.56
77.4000  2109.39
77.4200  1971.09
77.4400  2068.96
77.4600  1983.60
77.4800  2074.68
77.5000  1984.32
77.5200  1999.15
77.5400  1914.96
77.5600  2027.74
77.5800  1886.40
77.6000  2026.28
77.6200  2147.76
77.6400  2034.59
77.6600  1941.88
77.6800  2062.24
77.7000  1819.09
77.7200  2087.91
77.7400  2011.63
77.7600  2033.23
77.7800  1847.17
77.8000  1909.25
77.8200  1881.70
77.8400  2136.96
77.8600  2201.23
77.8800  1851.13
77.9000  1921.50
77.9200  2020.81
77.9400  1887.32
77.9600  1899.45
77.9800  1982.86
78.0000  2051.26
78.0200  2099.76
78.0400  2114.80
78.0600  2042.76
78.0800  1876.15
78.1000  2032.46
78.1200  1808.25
78.1400  2079.09
78.1600  1793.44
78.1800  2178.51
78.2000  2280.61
78.2200  2021.46
78.2400  2069.33
78.2600  2081.74
78.2800  1921.39
78.3000  2033.85
78.3200  2125.50
78.3400  2016.39
78.3600  2078.65
78.3800  2085.57
78.4000  1916.08
78.4200  1924.33
78.4400  1961.02
78.4600  1966.01
78.4800  2011.74
78.5000  1935.74
78.5200  2007.12
78.5400  2187.97
78.5600  2009.97
78.5800  2175.50
78.6000  2076.92
78.6200  2176.22
78.6400  1927.88
78.6600  2065.93
78.6800  2104.79
78.7000  2039.54
78.7200  1917.45
78.7400  1943.38
78.7600  1942.32
78.7800  1987.56
78.8000  2001.58
78.8200  2004.45
78.8400  2212.58
78.8600  2039.09
78.8800  2065.73
78.9000  1968.26
78.9200  1815.59
78.9400  2051.19
78.9600  2112.28
78.9800  1956.12
79.0000  1966.62
79.0200  2164.95
79.0400  2334.92
79.0600  1855.66
79.0800  2170.72
79.1000  2100.89
79.1200  1960.19
79.1400  1937.73
79.1600  1936.61
79.1800  1931.93
79.2000  1982.84
79.2200  2093.12
79.2400  1989.44
79.2600  1874.06
79.2800  1772.97
79.3000  1935.04
79.3200  1929.43
79.3400  1933.62
79.3600  1962.08
79.3800  1957.42
79.4000  2231.39
79.4200  1780.88
79.4400  2161.56
79.4600  2016.94
79.4800  2174.25
79.5000  2040.83
79.5200  1958.47
79.5400  1844.87
79.5600  2043.75
79.5800  1942.93
79.6000  1940.92
79.6200  1949.85
79.6400  1851.50
79.6600  1916.01
79.6800  1975.93
79.7000  1978.14
79.7200  1805.30
79.7400  2007.02
79.7600  2272.23
79.7800  2048.58
79.8000  2094.28
79.8200  1846.96
79.8400  1994.94
79.8600  2046.64
79.8800  2298.18
79.9000  2154.08
79.9200  2169.89
79.9400  1958.88
79.9600  1928.46
79.9800  2019.55
80.0000  2026.23
80.0200  1940.42
80.0400  1949.94
80.0600  2275.05
80.0800  2160.31
80.1000  1968.72
80.1200  1877.47
80.1400  2192.55
80.1600  2005.96
80.1800  1916.90
80.2000  1941.12
80.2200  2082.46
80.2400  2123.50
80.2600  1867.76
80.2800  1889.42
80.3000  1993.65
80.3200  2036.08
80.3400  2081.63
80.3600  2114.05
80.3800  2044.44
80.4000  1915.49
80.4200  2055.80
80.4400  1911.55
80.4600  2094.75
80.4800  2026.30
80.5000  2013.98
80.5200  2189.27
80.5400  1956.21
80.5600  2023.51
80.5800  2084.76
80.6000  2063.33
80.6200  1930.02
80.6400  2075.21
80.6600  2036.55
80.6800  2061.98
80.7000  1985.96
80.7200  2004.03
80.7400  1899.54
80.7600  1921.87
80.7800  1963.08
80.8000  2042.42
80.8200  2114.36
80.8400  2063.90
80.8600  1947.91
80.8800  1995.61
80.9000  2128.26
80.9200  1914.25
80.9400  1970.14
80.9600  1942.62
80.9800  2096.75
81.0000  2197.61
81.0200  1915.08
81.0400  1740.08
81.0600  2091.87
81.0800  1995.02
81.1000  1850.94
81.1200  2135.00
81.1400  2215.08
81.1600  1931.33
81.1800  2097.10
81.2000  2067.42
81.2200  1992.00
81.2400  1904.17
81.2600  2113.31
81.2800  2040.16
81.3000  1978.84
81.3200  1945.50
81.3400  1797.62
81.3600  2033.21
81.3800  1961.34
81.4000  2153.42
81.4200  1934.77
81.4400  1737.57
81.4600  2052.01
81.4800  2054.67
81.5000  1831.15
81.5200  2085.65
81.5400  1797.66
81.5600  2118.79
81.5800  2100.42
81.6000  2038.94
81.6200  2059.28
81.6400  1917.64
81.6600  1981.46
81.6800  2160.29
81.7000  2029.91
81.7200  1992.35
81.7400  2152.56
81.7600  2014.54
81.7800  1878.05
81.8000  1915.85
81.8200  2101.82
81.8400  2138.39
81.8600  1988.61
81.8800  1945.48
81.9000  2159.59
81.9200  1983.15
81.9400  2033.60
81.9600  1917.55
81.9800  2056.05
82.0000  1988.52
82.0200  1955.27
82.0400  2104.24
82.0600  2034.57
82.0800  1875.78
82.1000  1998.75
82.1200  1768.43
82.1400  2015.75
82.1600  2005.96
82.1800  1925.31
82.2000  2115.54
82.2200  1981.18
82.2400  2072.67
82.2600  2016.38
82.2800  2028.72
82.3000  2018.50
82.3200  2241.29
82.3400  2173.86
82.3600  1993.16
82.3800  2036.13
82.4000  2167.54
82.4200  1937.43
82.4400  1949.72
82.4600  1947.83
82.4800  1902.16
82.5000  2090.25
82.5200  1819.87
82.5400  2159.90
82.5600  1824.78
82.5800  1888.53
82.6000  2253.59
82.6200  1819.21
82.6400  1903.51
82.6600  1952.61
82.6800  1862.71
82.7000  2148.95
82.7200  2055.37
82.7400  2075.71
82.7600  1992.54
82.7800  1887.46
82.8000  1906.01
82.8200  2012.69
82.8400  1823.56
82.8600  2102.57
82.8800  1977.33
82.9000  1883.68
82.9200  1990.00
82.9400  2162.90
82.9600  2053.46
82.9800  1950.99
83.0000  1865.14
83.0200  1910.75
83.0400  1871.37
83.0600  1903.91
83.0800  2172.21
83.1000  1984.71
83.1200  1971.47
83.1400  2056.23
83.1600  1933.89
83.1800  2023.61
83.2000  1933.01
83.2200  2043.38
83.2400  2060.95
83.2600  2078.86
83.2800  1826.77
83.3000  1885.43
83.3200  1829.61
83.3400  1875.00
83.3600  1911.57
83.3800  2088.27
83.4000  1954.86
83.4200  1995.48
83.4400  1968.26
83.4600  2097.16
83.4800  1925.45
83.5000  1990.58
83.5200  2062.34
83.5400  1773.03
83.5600  2057.27
83.5800  2001.21
83.6000  2124.00
83.6200  1992.18
83.6400  2049.41
83.6600  1900.86
83.6800  1931.19
83.7000  2080.34
83.7200  1909.00
83.7400  1893.53
83.7600  1939.23
83.7800  2137.47
83.8000  2061.62
83.8200  2119.21
83.8400  2225.17
83.8600  2060.29
83.8800  2026.04
83.9000  1964.04
83.9200  2090.61
83.9400  2021.16
83.9600  2041.65
83.9800  2148.02
84.0000  2046.19
84.0200  1995.48
84.0400  1952.05
84.0600  2077.37
84.0800  1983.12
84.1000  2085.74
84.1200  1927.68
84.1400  1954.97
84.1600  2051.31
84.1800  2039.37
84.2000  2025.01
84.2200  2109.32
84.2400  2008.65
84.2600  1997.57
84.2800  2061.72
84.3000  1812.35
84.3200  2062.16
84.3400  1848.66
84.3600  2065.77
84.3800  2189.99
84.4000  2005.90
84.4200  1935.09
84.4400  2142.52
84.4600  1938.59
84.4800  1963.35
84.5000  2095.47
84.5200  1987.77
84.5400  2127.05
84.5600  2057.40
84.5800  2167.58
84.6000  1984.11
84.6200  2017.86
84.6400  1930.23
84.6600  1921.99
84.6800  2163.88
84.7000  2090.31
84.7200  1971.05
84.7400  1995.31
84.7600  1946.48
84.7800  1979.51
84.8000  1689.82
84.8200  1869.95
84.8400  2137.38
84.8600  1977.73
84.8800  1834.03
84.9000  1931.27
84.9200  2161.06
84.9400  2167.01
84.9600  1916.30
84.9800  2001.91
85.0000  1957.88
85.0200  2061.80
85.0400  1928.74
85.0600  2067.16
85.0800  2003.94
85.1000  2175.74
85.1200  1938.54
85.1400  1999.38
85.1600  1999.22
85.1800  2119.96
85.2000  1987.27
85.2200  2053.56
85.2400  2168.01
85.2600  2106.90
85.2800  1873.79
85.3000  1872.44
85.3200  2050.01
85.3400  1874.80
85.3600  1935.33
85.3800  1987.98
85.4000  2056.11
85.4200  1809.50
85.4400  2017.26
85.4600  1931.83
85.4800  2086.66
85.5000  1969.07
85.5200  1944.08
85.5400  1975.58
85.5600  2072.38
85.5800  1977.32
85.6000  2005.76
85.6200  2112.08
85.6400  1929.46
85.6600  1983.33
85.6800  2185.03
85.7000  1882.86
85.7200  2083.31
85.7400  2062.31
85.7600  2148.60
85.7800  1832.73
85.8000  2047.19
85.8200  2159.39
85.8400  1910.54
85.8600  1996.38
85.8800  1988.58
85.9000  2055.40
85.9200  1942.74
85.9400  2032.26
85.9600  1979.69
85.9800  1902.57
86.0000  1857.51
86.0200  2046.63
86.0400  2030.20
86.0600  1977.71
86.0800  2137.23
86.1000  1906.00
86.1200  2052.35
86.1400  2130.29
86.1600  2017.66
86.1800  1776.64
86.2000  2035.32
86.2200  1990.89
86.2400  2204.03
86.2600  2031.71
86.2800  1871.29
86.3000  2004.10
86.3200  2075.47
86.3400  2112.89
86.3600  1941.57
86.3800  1838.93
86.4000  1982.99
86.4200  1972.10
86.4400  1884.15
86.4600  1909.69
86.4800  1989.58
86.5000  2176.79
86.5200  2112.86
86.5400  2113.95
86.5600  2016.37
86.5800  2050.66
86.6000  1998.37
86.6200  2146.08
86.6400  1934.48
86.6600  1983.48
86.6800  1963.10
86.7000  2143.39
86.7200  2021.83
86.7400  1991.93
86.7600  2039.24
86.7800  2058.64
86.8000  1928.95
86.8200  2143.72
86.8400  1886.72
86.8600  1853.67
86.8800  1812.60
86.9000  2054.83
86.9200  1892.90
86.9400  1987.35
86.9600  1837.87
86.9800  1981.37
87.0000  1809.16
87.0200  1908.38
87.0400  2050.74
87.0600  1930.26
87.0800  2056.46
87.1000  1914.20
87.1200  1871.48
87.1400  1965.82
87.1600  2058.39
87.1800  2011.16
87.2000  2021.20
87.2200  1984.97
87.2400  1916.45
87.2600  2061.16
87.2800  1843.28
87.3000  1985.83
87.3200  2021.38
87.3400  1935.42
87.3600  1928.96
87.3800  2088.53
87.4000  2097.74
87.4200  2117.98
87.4400  1972.18
87.4600  1866.87
87.4800  1983.31
87.5000  2091.93
87.5200  1903.83
87.5400  2127.90
87.5600  1988.55
87.5800  2111.10
87.6000  1913.13
87.6200  1934.48
87.6400  2064.59
87.6600  1980.57
87.6800  2072.53
87.7000  2072.08
87.7200  1864.96
87.7400  1881.75
87.7600  2130.08
87.7800  1919.59
87.8000  1897.81
87.8200  1901.67
87.8400  2063.86
87.8600  1939.11
87.8800  2055.90
87.9000  2156.05
87.9200  2090.63
87.9400  1725.55
87.9600  2153.31
87.9800  2065.13
88.0000  1934.99
88.0200  2038.57
88.0400  2156.31
88.0600  2028.44
88.0800  1975.00
88.1000  1959.87
88.1200  1971.28
88.1400  2000.28
88.1600  1995.44
88.1800  2083.92
88.2000  2127.28
88.2200  1942.14
88.2400  2077.18
88.2600  2139.39
88.2800  1867.17
88.3000  2099.57
88.3200  1984.68
88.3400  2092.21
88.3600  2188.45
88.3800  2080.86
88.4000  1991.86
88.4200  2105.14
88.4400  1880.43
88.4600  2007.66
88.4800  2062.93
88.5000  1933.73
88.5200  1953.44
88.5400  2021.46
88.5600  2082.93
88.5800  2055.39
88.6000  1920.40
88.6200  1991.19
88.6400  2143.49
88.6600  2119.32
88.6800  1872.45
88.7000  1946.90
88.7200  2122.51
88.7400  1933.36
88.7600  1927.08
88.7800  2179.56
88.8000  2082.05
88.8200  2235.37
88.8400  2072.02
88.8600  1981.22
88.8800  1922.78
88.9000  2144.06
88.9200  1971.34
88.9400  2079.31
88.9600  1987.53
88.9800  2031.38
89.0000  1967.91
89.0200  2028.20
89.0400  1957.54
89.0600  1915.00
89.0800  2058.50
89.1000  1978.48
89.1200  2126.18
89.1400  2074.31
89.1600  1914.88
89.1800  1813.79
89.2000  1936.43
89.2200  2010.86
89.2400  2035.10
89.2600  1876.46
89.2800  1872.13
89.3000  2110.74
89.3200  1872.30
89.3400  1951.88
89.3600  1975.92
89.3800  2084.24
89.4000  1894.48
89.4200  1920.16
89.4400  2179.65
89.4600  2014.42
89.4800  2097.64
89.5000  1925.35
89.5200  1976.46
89.5400  2041.90
89.5600  1993.04
89.5800  1899.76
89.6000  2074.94
89.6200  2133.89
89.6400  1867.52
89.6600  1871.67
89.6800  1947.33
89.7000  1995.09
89.7200  2102.03
89.7400  1938.80
89.7600  1856.75
89.7800  2046.89
89.8000  2143.88
89.8200  2116.89
89.8400  2049.69
89.8600  1863.30
89.8800  2071.76
89.9000  2021.50
89.9200  2015.94
89.9400  2132.14
89.9600  1752.46
89.9800  2112.88
90.0000  2065.37
90.0200  2173.63
90.0400  1831.85
90.0600  2071.32
90.0800  2124.29
90.1000  1973.41
90.1200  2007.34
90.1400  1847.85
90.1600  2112.73
90.1800  1991.26
90.2000  1991.96
90.2200  1834.93
90.2400  1874.80
90.2600  2174.21
90.2800  2148.73
90.3000  1926.89
90.3200  2049.50
90.3400  2163.09
90.3600  1967.55
90.3800  1826.30
90.4000  1926.72
90.4200  2214.64
90.4400  1895.93
90.4600  1728.69
90.4800  1967.78
90.5000  2033.25
90.5200  2071.64
90.5400  2094.44
90.5600  1927.08
90.5800  1951.09
90.6000  2045.71
90.6200  2021.77
90.6400  1722.25
90.6600  1958.18
90.6800  2046.80
90.7000  1941.01
90.7200  2154.62
90.7400  1903.44
90.7600  2085.50
90.7800  1944.85
90.8000  2016.35
90.8200  1918.86
90.8400  2049.70
90.8600  2051.45
90.8800  2062.82
90.9000  1931.69
90.9200  2059.85
90.9400  1878.71
90.9600  2055.13
90.9800  1960.95
91.0000  2091.41
91.0200  1963.16
91.0400  1919.55
91.0600  2139.84
91.0800  2174.33
91.1000  2160.44
91.1200  1987.53
91.1400  2085.90
91.1600  2046.78
91.1800  2099.18
91.2000  2006.32
91.2200  2112.09
91.2400  2038.08
91.2600  1874.20
91.2800  2145.61
91.3000  1976.71
91.3200  2088.40
91.3400  2062.85
91.3600  2043.49
91.3800  2160.82
91.4000  2016.51
91.4200  1963.45
91.4400  1781.85
91.4600  2107.82
91.4800  1812.97
91.5000  1832.75
91.5200  1911.87
91.5400  1999.69
91.5600  2019.12
91.5800  1931.16
91.6000  2073.17
91.6200  1952.10
91.6400  1977.49
91.6600  1940.03
91.6800  1988.45
91.7000  1887.95
91.7200  2154.10
91.7400  2039.48
91.7600  2126.45
91.7800  2006.68
91.8000  1930.85
91.8200  2157.53
91.8400  1822.03
91.8600  2021.58
91.8800  1951.92
91.9000  2163.96
91.9200  2102.93
91.9400  1935.74
91.9600  1948.32
91.9800  1978.26
92.0000  2103.16
92.0200  2034.89
92.0400  1882.48
92.0600  1979.40
92.0800  2033.52
92.1000  1965.93
92.1200  2100.96
92.1400  1997.38
92.1600  1914.38
92.1800  2091.67
92.2000  1998.28
92.2200  2086.19
92.2400  2061.68
92.2600  1971.04
92.2800  2079.12
92.3000  2057.65
92.3200  1781.92
92.3400  2101.91
92.3600  2062.22
92.3800  1933.45
92.4000  1948.18
92.4200  1964.21
92.4400  1940.75
92.4600  2063.90
92.4800  2044.99
92.5000  1980.47
92.5200  2015.81
92.5400  1846.65
92.5600  2035.72
92.5800  1954.94
92.6000  1785.16
92.6200  1982.09
92.6400  1982.43
92.6600  2048.93
92.6800  1878.57
92.7000  1862.48
92.7200  2111.41
92.7400  1878.30
92.7600  2050.66
92.7800  1990.75
92.8000  2158.80
92.8200  1950.86
92.8400  2130.05
92.8600  2012.59
92.8800  2012.82
92.9000  2009.84
92.9200  1956.48
92.9400  2086.31
92.9600  1944.40
92.9800  2140.91
93.0000  2064.81
93.0200  2002.00
93.0400  2106.35
93.0600  2076.44
93.0800  1880.66
93.1000  2020.26
93.1200  1918.53
93.1400  2141.00
93.1600  2021.58
93.1800  2099.09
93.2000  1926.28
93.2200  1880.96
93.2400  2016.85
93.2600  1816.87
93.2800  2005.17
93.3000  2089.03
93.3200  2125.91
93.3400  2037.82
93.3600  2074.75
93.3800  1874.15
93.4000  2042.63
93.4200  2308.21
93.4400  1926.24
93.4600  1840.87
93.4800  2216.36
93.5000  2150.39
93.5200  2109.45
93.5400  2073.07
93.5600  1949.37
93.5800  1946.68
93.6000  1974.39
93.6200  2038.24
93.6400  2063.07
93.6600  2064.70
93.6800  2035.56
93.7000  1890.91
93.7200  1870.19
93.7400  1975.02
93.7600  2057.40
93.7800  2077.46
93.8000  1859.10
93.8200  2153.89
93.8400  2141.23
93.8600  2269.91
93.8800  1906.78
93.9000  1949.79
93.9200  1965.82
93.9400  2118.04
93.9600  1957.35
93.9800  2141.61
94.0000  1897.15
94.0200  1950.87
94.0400  2041.83
94.0600  1926.54
94.0800  2054.71
94.1000  1886.93
94.1200  2020.03
94.1400  2130.11
94.1600  2079.99
94.1800  1837.13
94.2000  2170.82
94.2200  2051.71
94.2400  2017.06
94.2600  1935.69
94.2800  1954.63
94.3000  1870.80
94.3200  2123.14
94.3400  2031.29
94.3600  2144.89
94.3800  2145.82
94.4000  2032.02
94.4200  2009.79
94.4400  1840.57
94.4600  2093.36
94.4800  1992.36
94.5000  2038.61
94.5200  1892.42
94.5400  1996.60
94.5600  1897.50
94.5800  2082.02
94.6000  2022.09
94.6200  2134.04
94.6400  2029.02
94.6600  2009.03
94.6800  2047.18
94.7000  2015.72
94.7200  1870.01
94.7400  2117.11
94.7600  2014.65
94.7800  2062.93
94.8000  1820.67
94.8200  2007.74
94.8400  1996.17
94.8600  1943.70
94.8800  1988.70
94.9000  2055.35
94.9200  1964.74
94.9400  1884.52
94.9600  2068.20
94.9800  2079.76
95.0000  2032.41
95.0200  1921.31
95.0400  1985.90
95.0600  2087.21
95.0800  2149.44
95.1000  2163.39
95.1200  2213.18
95.1400  1829.46
95.1600  2113.89
95.1800  2088.56
95.2000  2052.09
95.2200  2005.35
95.2400  2131.08
95.2600  1951.55
95.2800  1928.93
95.3000  1947.44
95.3200  1977.45
95.3400  1857.30
95.3600  2085.70
95.3800  1779.58
95.4000  2074.49
95.4200  2022.53
95.4400  1969.59
95.4600  1904.66
95.4800  2025.47
95.5000  2155.38
95.5200  2019.51
95.5400  1967.23
95.5600  2076.86
95.5800  2096.18
95.6000  2005.70
95.6200  2002.05
95.6400  2150.44
95.6600  1943.19
95.6800  2205.62
95.7000  2011.01
95.7200  2060.68
95.7400  2016.37
95.7600  2095.28
95.7800  1830.63
95.8000  2027.84
95.8200  2022.27
95.8400  1985.00
95.8600  1994.78
95.8800  2071.15
95.9000  2019.50
95.9200  2177.92
95.9400  2075.92
95.9600  2203.80
95.9800  1824.71
96.0000  2171.69
96.0200  2127.76
96.0400  1868.27
96.0600  1989.50
96.0800  1989.07
96.1000  1873.34
96.1200  2085.11
96.1400  1987.18
96.1600  2201.91
96.1800  1895.12
96.2000  2035.04
96.2200  2062.65
96.2400  2210.66
96.2600  1859.40
96.2800  2075.32
96.3000  2187.00
96.3200  2049.49
96.3400  2040.14
96.3600  2090.07
96.3800  1928.55
96.4000  2005.14
96.4200  2054.19
96.4400  1977.84
96.4600  2046.09
96.4800  1958.26
96.5000  1880.52
96.5200  1986.10
96.5400  1991.20
96.5600  2175.94
96.5800  2066.28
96.6000  1947.24
96.6200  1878.76
96.6400  2032.93
96.6600  2013.27
96.6800  1934.77
96.7000  2133.27
96.7200  1974.67
96.7400  1845.66
96.7600  2052.67
96.7800  2124.20
96.8000  1960.35
96.8200  2051.78
96.8400  1867.93
96.8600  2016.81
96.8800  1893.09
96.9000  2063.31
96.9200  2029.34
96.9400  2015.14
96.9600  1979.59
96.9800  2153.87
97.0000  1912.28
97.0200  2172.55
97.0400  1921.27
97.0600  2015.76
97.0800  1838.35
97.1000  2027.57
97.1200  2109.53
97.1400  2084.71
97.1600  2044.45
97.1800  2098.91
97.2000  1963.94
97.2200  1952.57
97.2400  2199.16
97.2600  1794.79
97.2800  2053.00
97.3000  2027.87
97.3200  2183.32
97.3400  2085.85
97.3600  1949.11
97.3800  2018.02
97.4000  2013.42
97.4200  2093.88
97.4400  2105.68
97.4600  1842.46
97.4800  1957.44
97.5000  2004.44
97.5200  2044.71
97.5400  2008.93
97.5600  2172.25
97.5800  1930.80
97.6000  1919.50
97.6200  1919.80
97.6400  2044.55
97.6600  2130.67
97.6800  1951.86
97.7000  2137.14
97.7200  1803.67
97.7400  1967.87
97.7600  1895.88
97.7800  2015.76
97.8000  2133.32
97.8200  2022.95
97.8400  2106.61
97.8600  2051.93
97.8800  2025.96
97.9000  2018.12
97.9200  1929.02
97.9400  2106.49
97.9600  1933.78
97.9800  1835.73
98.0000  1869.27
98.0200  1995.77
98.0400  1915.02
98.0600  1911.22
98.0800  1975.91
98.1000  1949.47
98.1200  2007.28
98.1400  1920.12
98.1600  2043.78
98.1800  1880.60
98.2000  1995.00
98.2200  1885.33
98.2400  2090.18
98.2600  1932.72
98.2800  1982.29
98.3000  1977.99
98.3200  1899.74
98.3400  2086.31
98.3600  1893.13
98.3800  2026.53
98.4000  2013.07
98.4200  1878.39
98.4400  1990.66
98.4600  2085.56
98.4800  2048.53
98.5000  1981.21
98.5200  1933.06
98.5400  2014.42
98.5600  1870.23
98.5800  1939.12
98.6000  2209.97
98.6200  1968.93
98.6400  2075.18
98.6600  2090.67
98.6800  2133.62
98.7000  1896.28
98.7200  2010.22
98.7400  1902.64
98.7600  2003.72
98.7800  2016.36
98.8000  1919.71
98.8200  1998.75
98.8400  2025.52
98.8600  1948.39
98.8800  1934.46
98.9000  1892.49
98.9200  1997.89
98.9400  1897.33
98.9600  2057.28
98.9800  2031.39
99.0000  2124.80
99.0200  1874.96
99.0400  1916.59
99.0600  2058.18
99.0800  2005.09
99.1000  2009.70
99.1200  2027.33
99.1400  1950.66
99.1600  1940.24
99.1800  1861.00
99.2000  1926.69
99.2200  2014.51
99.2400  2170.85
99.2600  1857.40
99.2800  1925.55
99.3000  2077.26
99.3200  2034.27
99.3400  1995.67
99.3600  1947.98
99.3800  2162.47
99.4000  2014.51
99.4200  1923.81
99.4400  2120.34
99.4600  2014.24
99.4800  2042.64
99.5000  2005.54
99.5200  2079.06
99.5400  1998.16
99.5600  2187.24
99.5800  2028.74
99.6000  1918.25
99.6200  1980.20
99.6400  1932.78
99.6600  2186.56
99.6800  2048.44
99.7000  2071.21
99.7200  2118.87
99.7400  1899.68
99.7600  2129.80
99.7800  1923.80
99.8000  1957.13
99.8200  2058.17
99.8400  1915.30
99.8600  2062.61
99.8800  2206.01
99.9000  2080.07
99.9200  2139.24
99.9400  2215.57
99.9600  2046.39
99.9800  2097.19
100.0000  1762.22
